0 0.285000 0.259563 0.146667 0.198543
0 0.427500 0.251366 0.148333 0.182149
0 0.557500 0.262295 0.135000 0.182149
0 0.685000 0.262295 0.130000 0.174863
0 0.806667 0.265938 0.153333 0.200364
0 0.932500 0.268670 0.135000 0.194900
0 0.195833 0.427140 0.138333 0.187614
0 0.317500 0.417122 0.135000 0.167577
0 0.448333 0.425319 0.160000 0.194900
0 0.588333 0.424408 0.140000 0.171220
0 0.713333 0.433515 0.130000 0.171220
0 0.840833 0.436248 0.131667 0.165756
0 0.202500 0.597450 0.128333 0.196721
0 0.322500 0.585610 0.138333 0.194900
0 0.440833 0.597450 0.131667 0.178506
0 0.574167 0.593807 0.135000 0.178506
0 0.693333 0.589253 0.133333 0.173042
0 0.815000 0.586521 0.123333 0.178506
0 0.938333 0.590164 0.123333 0.178506
0 0.182500 0.762295 0.108333 0.169399
0 0.295833 0.755920 0.135000 0.171220
0 0.421667 0.760474 0.140000 0.183971
0 0.545000 0.758652 0.123333 0.176685
0 0.655833 0.744991 0.131667 0.189435
0 0.779167 0.745902 0.125000 0.187614
0 0.905833 0.743169 0.121667 0.185792
