0 0.842179 0.774633 0.134078 0.270440
0 0.523045 0.534591 0.090782 0.201258
0 0.369413 0.744235 0.090782 0.155136
0 0.206704 0.651992 0.067039 0.142558
1 0.621508 0.437107 0.081006 0.132075
1 0.887570 0.361635 0.099162 0.178197
1 0.796788 0.341719 0.115922 0.259958
1 0.762570 0.697065 0.053073 0.123690
1 0.411313 0.626834 0.071229 0.134172
1 0.343575 0.604822 0.078212 0.123690
1 0.663408 0.644654 0.089385 0.178197
1 0.250000 0.777778 0.061453 0.088050
1 0.355447 0.378407 0.101955 0.144654
1 0.400838 0.236897 0.108939 0.159329
