0 0.259766 0.783854 0.109375 0.182292
0 0.158203 0.805990 0.105469 0.158854
0 0.810547 0.579427 0.074219 0.132812
0 0.902344 0.509115 0.078125 0.111979
0 0.621094 0.768229 0.074219 0.088542
0 0.694336 0.692708 0.072266 0.098958
0 0.736328 0.467448 0.074219 0.106771
1 0.323242 0.360677 0.103516 0.174479
1 0.556641 0.255208 0.082031 0.119792
1 0.406250 0.326823 0.062500 0.101562
1 0.455078 0.384115 0.066406 0.122396
1 0.159180 0.630208 0.076172 0.114583
1 0.156250 0.489583 0.082031 0.114583
1 0.222656 0.501302 0.070312 0.096354
1 0.664062 0.546875 0.066406 0.083333
1 0.669922 0.178385 0.054688 0.075521
1 0.092773 0.402344 0.076172 0.111979
